294
236
600
17866
13798
500
39
629
66
85
452
680
20042
128164
413226
229799
368627
326
200
677
52
175
249
224
137
5808
137
140391
22765
360
257
1053
328
337
936
170
103
36
147
271
0
6544
4324
431
0
643
653
931
1050
342
647
735
417
116
450
568
441
79655
8392
8095
288
108
93
153
103
188
10067
144
241
35
558481
434
21306
183
11721
104357
103
376
1277649
517221
214
379
254
700
1196
851
223402
338
242
1797
532
178
156
315
244
862
233
50
123835
68
71
63704
107
94
19902
300
142
2242
329
222
2364
21994
339593
554
2846
4605
113
133
337
168
501
229648
179
87
63
363
137
481
723817
23
9465
165575
132601
3667
8591
13555
211
178
269
7901
623
86
106
